60
12
1
215656441 323507400 130085780 24693480 2616558 163800 6020 120 1
2
435250816 418876800 141860480 25260480 2626008 163800 6020 120 1
3
348264441 345011400 130802580 24693480 2616558 163800 6020 120 1
4
516898816 424320000 141860480 25260480 2626008 163800 6020 120 1
5
243525625 323507400 130085780 24693480 2616558 163800 6020 120 1
6
587212416 440380800 142577280 25260480 2626008 163800 6020 120 1
10
463120000 418876800 141860480 25260480 2626008 163800 6020 120 1
12
668860416 445824000 142577280 25260480 2626008 163800 6020 120 1
15
376133625 345011400 130802580 24693480 2616558 163800 6020 120 1
20
544768000 424320000 141860480 25260480 2626008 163800 6020 120 1
30
615081600 440380800 142577280 25260480 2626008 163800 6020 120 1
60
696729600 445824000 142577280 25260480 2626008 163800 6020 120 1
